stats:
  B0302: 597
  B0303: 1711
  B0304: 1185
  B0305: 1479
  B0306: 1387
  Doublet: 1838
  Negative: 1424
  Total: 9621
metrics:
  B0302-GGTCGAGAGCATTCA:
    silhouette_score: 0.820784839472127
    davies_bouldin_index: 0.37507887143089075
  B0303-CTTGCCGCATGTCAT:
    silhouette_score: 0.8804540458938781
    davies_bouldin_index: 0.17691980663497975
  B0304-AAAGCATTCTTCACG:
    silhouette_score: 0.8962059506088336
    davies_bouldin_index: 0.17272821661527304
  B0305-CTTTGTCTTTGTGAG:
    silhouette_score: 0.8614411532589069
    davies_bouldin_index: 0.21905368893534255
  B0306-TATGCTGCCACGGTA:
    silhouette_score: 0.881160229035864
    davies_bouldin_index: 0.19406186547188423
